 total_atoms          10 Bohr 
 chinst           1
 symm           1
 nset           0
 mout           1
 intra atomic bond           1
 neighbour atomic bond           2
 symmetry breaking bond           3
 user defined bond           0
 user defined radical           0
 Current working directory: /home/sourav/Desktop/SYMM_VB_SOFTWARE/Fortran_subroutines
 symm,asymm           1           0
 structure typeall           1
 symat_arrayC    C    C    C    C    H    H    H    H    H                                                                                                                                                                                                                                                                                                                                                                                                                                                                      
 coordx   0.0000000000000000        2.2150840618507410        1.4043991093030599       -1.4043991093030599       -2.2150840618507410        0.0000000000000000        4.1447287706249458        2.5715053079696291       -2.5715053079696291       -4.1447287706249458        0.0000000000000000        0.0000000000000000        0.0000000000000000        0.0000000000000000        0.0000000000000000        0.0000000000000000        0.0000000000000000        0.0000000000000000        0.0000000000000000        0.0000000000000000        0.0000000000000000        0.0000000000000000        0.0000000000000000        0.0000000000000000        0.0000000000000000        0.0000000000000000        0.0000000000000000        0.0000000000000000        0.0000000000000000        0.0000000000000000        0.0000000000000000        0.0000000000000000        0.0000000000000000        0.0000000000000000        0.0000000000000000        0.0000000000000000        0.0000000000000000        0.0000000000000000        0.0000000000000000        0.0000000000000000        0.0000000000000000        0.0000000000000000        0.0000000000000000        0.0000000000000000        0.0000000000000000        0.0000000000000000        0.0000000000000000        0.0000000000000000        0.0000000000000000        0.0000000000000000        0.0000000000000000        0.0000000000000000        0.0000000000000000        0.0000000000000000        0.0000000000000000        0.0000000000000000        0.0000000000000000        0.0000000000000000        0.0000000000000000        0.0000000000000000        0.0000000000000000        0.0000000000000000        0.0000000000000000        0.0000000000000000        0.0000000000000000        0.0000000000000000        0.0000000000000000        0.0000000000000000        0.0000000000000000        0.0000000000000000        0.0000000000000000        0.0000000000000000        0.0000000000000000        0.0000000000000000        0.0000000000000000        0.0000000000000000        0.0000000000000000        0.0000000000000000        0.0000000000000000        0.0000000000000000        0.0000000000000000        0.0000000000000000        0.0000000000000000        0.0000000000000000        0.0000000000000000        0.0000000000000000        0.0000000000000000        0.0000000000000000        0.0000000000000000        0.0000000000000000        0.0000000000000000        0.0000000000000000        0.0000000000000000        0.0000000000000000        0.0000000000000000        0.0000000000000000        0.0000000000000000        0.0000000000000000        0.0000000000000000        0.0000000000000000     
 coordy   2.2541106859684832       0.66887990345823056       -1.7964775978429079       -1.7964775978429079       0.66887990345823056        4.2970123511269893        1.3260038206373370       -3.4712606121135550       -3.4712606121135550        1.3260038206373370        0.0000000000000000        0.0000000000000000        0.0000000000000000        0.0000000000000000        0.0000000000000000        0.0000000000000000        0.0000000000000000        0.0000000000000000        0.0000000000000000        0.0000000000000000        0.0000000000000000        0.0000000000000000        0.0000000000000000        0.0000000000000000        0.0000000000000000        0.0000000000000000        0.0000000000000000        0.0000000000000000        0.0000000000000000        0.0000000000000000        0.0000000000000000        0.0000000000000000        0.0000000000000000        0.0000000000000000        0.0000000000000000        0.0000000000000000        0.0000000000000000        0.0000000000000000        0.0000000000000000        0.0000000000000000        0.0000000000000000        0.0000000000000000        0.0000000000000000        0.0000000000000000        0.0000000000000000        0.0000000000000000        0.0000000000000000        0.0000000000000000        0.0000000000000000        0.0000000000000000        0.0000000000000000        0.0000000000000000        0.0000000000000000        0.0000000000000000        0.0000000000000000        0.0000000000000000        0.0000000000000000        0.0000000000000000        0.0000000000000000        0.0000000000000000        0.0000000000000000        0.0000000000000000        0.0000000000000000        0.0000000000000000        0.0000000000000000        0.0000000000000000        0.0000000000000000        0.0000000000000000        0.0000000000000000        0.0000000000000000        0.0000000000000000        0.0000000000000000        0.0000000000000000        0.0000000000000000        0.0000000000000000        0.0000000000000000        0.0000000000000000        0.0000000000000000        0.0000000000000000        0.0000000000000000        0.0000000000000000        0.0000000000000000        0.0000000000000000        0.0000000000000000        0.0000000000000000        0.0000000000000000        0.0000000000000000        0.0000000000000000        0.0000000000000000        0.0000000000000000        0.0000000000000000        0.0000000000000000        0.0000000000000000        0.0000000000000000        0.0000000000000000        0.0000000000000000        0.0000000000000000        0.0000000000000000        0.0000000000000000        0.0000000000000000     
 coordz   0.0000000000000000        0.0000000000000000        0.0000000000000000        0.0000000000000000        0.0000000000000000        0.0000000000000000        0.0000000000000000        0.0000000000000000        0.0000000000000000        0.0000000000000000        0.0000000000000000        0.0000000000000000        0.0000000000000000        0.0000000000000000        0.0000000000000000        0.0000000000000000        0.0000000000000000        0.0000000000000000        0.0000000000000000        0.0000000000000000        0.0000000000000000        0.0000000000000000        0.0000000000000000        0.0000000000000000        0.0000000000000000        0.0000000000000000        0.0000000000000000        0.0000000000000000        0.0000000000000000        0.0000000000000000        0.0000000000000000        0.0000000000000000        0.0000000000000000        0.0000000000000000        0.0000000000000000        0.0000000000000000        0.0000000000000000        0.0000000000000000        0.0000000000000000        0.0000000000000000        0.0000000000000000        0.0000000000000000        0.0000000000000000        0.0000000000000000        0.0000000000000000        0.0000000000000000        0.0000000000000000        0.0000000000000000        0.0000000000000000        0.0000000000000000        0.0000000000000000        0.0000000000000000        0.0000000000000000        0.0000000000000000        0.0000000000000000        0.0000000000000000        0.0000000000000000        0.0000000000000000        0.0000000000000000        0.0000000000000000        0.0000000000000000        0.0000000000000000        0.0000000000000000        0.0000000000000000        0.0000000000000000        0.0000000000000000        0.0000000000000000        0.0000000000000000        0.0000000000000000        0.0000000000000000        0.0000000000000000        0.0000000000000000        0.0000000000000000        0.0000000000000000        0.0000000000000000        0.0000000000000000        0.0000000000000000        0.0000000000000000        0.0000000000000000        0.0000000000000000        0.0000000000000000        0.0000000000000000        0.0000000000000000        0.0000000000000000        0.0000000000000000        0.0000000000000000        0.0000000000000000        0.0000000000000000        0.0000000000000000        0.0000000000000000        0.0000000000000000        0.0000000000000000        0.0000000000000000        0.0000000000000000        0.0000000000000000        0.0000000000000000        0.0000000000000000        0.0000000000000000        0.0000000000000000        0.0000000000000000     
 symatno_array   6.0000000000000000        6.0000000000000000        6.0000000000000000        6.0000000000000000        6.0000000000000000        1.0000000000000000        1.0000000000000000        1.0000000000000000        1.0000000000000000        1.0000000000000000        0.0000000000000000        0.0000000000000000        0.0000000000000000        0.0000000000000000        0.0000000000000000        0.0000000000000000        0.0000000000000000        0.0000000000000000        0.0000000000000000        0.0000000000000000        0.0000000000000000        0.0000000000000000        0.0000000000000000        0.0000000000000000        0.0000000000000000        0.0000000000000000        0.0000000000000000        0.0000000000000000        0.0000000000000000        0.0000000000000000        0.0000000000000000        0.0000000000000000        0.0000000000000000        0.0000000000000000        0.0000000000000000        0.0000000000000000        0.0000000000000000        0.0000000000000000        0.0000000000000000        0.0000000000000000        0.0000000000000000        0.0000000000000000        0.0000000000000000        0.0000000000000000        0.0000000000000000        0.0000000000000000        0.0000000000000000        0.0000000000000000        0.0000000000000000        0.0000000000000000        0.0000000000000000        0.0000000000000000        0.0000000000000000        0.0000000000000000        0.0000000000000000        0.0000000000000000        0.0000000000000000        0.0000000000000000        0.0000000000000000        0.0000000000000000        0.0000000000000000        0.0000000000000000        0.0000000000000000        0.0000000000000000        0.0000000000000000        0.0000000000000000        0.0000000000000000        0.0000000000000000        0.0000000000000000        0.0000000000000000        0.0000000000000000        0.0000000000000000        0.0000000000000000        0.0000000000000000        0.0000000000000000        0.0000000000000000        0.0000000000000000        0.0000000000000000        0.0000000000000000        0.0000000000000000        0.0000000000000000        0.0000000000000000        0.0000000000000000        0.0000000000000000        0.0000000000000000        0.0000000000000000        0.0000000000000000        0.0000000000000000        0.0000000000000000        0.0000000000000000        0.0000000000000000        0.0000000000000000        0.0000000000000000        0.0000000000000000        0.0000000000000000        0.0000000000000000        0.0000000000000000        0.0000000000000000        0.0000000000000000        0.0000000000000000     
 i am here5
 nao, nae, nmul           5           5           2
 geometry_unitBohr 
 file_nameC5H5                                                                                                
 chinst, symm, set_order, nset, mout, ovlp, itb           1           1           0           0           1           0           1
 nnb, syb, mnbond, radical, mnbond, main_bond           2           3           0           0           0
 from_fortran:symat, coordx, coordy, coordz, symatno C       0.0000000000000000        2.2541106859684832        0.0000000000000000                6
 from_fortran:symat, coordx, coordy, coordz, symatno C       2.2150840618507410       0.66887990345823056        0.0000000000000000                6
 from_fortran:symat, coordx, coordy, coordz, symatno C       1.4043991093030599       -1.7964775978429079        0.0000000000000000                6
 from_fortran:symat, coordx, coordy, coordz, symatno C      -1.4043991093030599       -1.7964775978429079        0.0000000000000000                6
 from_fortran:symat, coordx, coordy, coordz, symatno C      -2.2150840618507410       0.66887990345823056        0.0000000000000000                6
 from_fortran:symat, coordx, coordy, coordz, symatno H       0.0000000000000000        4.2970123511269893        0.0000000000000000                1
 from_fortran:symat, coordx, coordy, coordz, symatno H       4.1447287706249458        1.3260038206373370        0.0000000000000000                1
 from_fortran:symat, coordx, coordy, coordz, symatno H       2.5715053079696291       -3.4712606121135550        0.0000000000000000                1
 from_fortran:symat, coordx, coordy, coordz, symatno H      -2.5715053079696291       -3.4712606121135550        0.0000000000000000                1
 from_fortran:symat, coordx, coordy, coordz, symatno H      -4.1447287706249458        1.3260038206373370        0.0000000000000000                1
 from_Fortran: atoset           16           0           0           0           0           0           0           0           0           0
 from_Fortran: atoset           17           0           0           0           0           0           0           0           0           0
 from_Fortran: atoset           18           0           0           0           0           0           0           0           0           0
 from_Fortran: atoset           19           0           0           0           0           0           0           0           0           0
 from_Fortran: atoset           20           0           0           0           0           0           0           0           0           0
 from_Fortran: atoset            0           0           0           0           0           0           0           0           0           0
 from_Fortran: atoset            0           0           0           0           0           0           0           0           0           0
 from_Fortran: atoset            0           0           0           0           0           0           0           0           0           0
 from_Fortran: atoset            0           0           0           0           0           0           0           0           0           0
 from_Fortran: atoset            0           0           0           0           0           0           0           0           0           0
 from_fortran: norbsym_array           0           0           5           0           0           0           0           0           0           0
 from_fortran: active_atom_array           1           2           3           4           5           0           0           0           0           0
 from_fortran: atn_array           1           1           1           1           1           0           0           0           0           0
 from_Fortran: orbsym            0           0           0           0           0           0           0           0           0           0
 from_Fortran: orbsym            0           0           0           0           0           0           0           0           0           0
 from_Fortran: orbsym           16          17          18          19          20           0           0           0           0           0
 from_Fortran: orbsym            0           0           0           0           0           0           0           0           0           0
 from_Fortran: orbsym            0           0           0           0           0           0           0           0           0           0
 from_Fortran: orbsym            0           0           0           0           0           0           0           0           0           0
 from_Fortran: orbsym            0           0           0           0           0           0           0           0           0           0
 from_Fortran: orbsym            0           0           0           0           0           0           0           0           0           0
 from_Fortran: orbsym            0           0           0           0           0           0           0           0           0           0
 from_Fortran: orbsym            0           0           0           0           0           0           0           0           0           0
 iiiii           1
 iiiii           2
 iiiii           3
 iiiii           4
 at_num          10           6           6           6           6           6           0           0           0           0           0           0           0           0           0           0           0           0           0           0           0           0           0           0           0           0           0           0           0           0           0           0           0           0           0           0           0           0           0           0           0           0           0           0           0           0           0           0           0           0           0           0           0           0           0           0           0           0           0           0           0           0           0           0           0           0           0           0           0           0           0           0           0           0           0           0           0           0           0           0           0           0           0           0           0           0           0           0           0           5
 atsymset
 atsymset           1           1          16          17          18          19          20
 enter geocal           0           0          10
 geocal1
 atm_nb_orbs           5           1           2           3           4           5
 geocal2
 geocal3
 atm_nb_sym           3           3           3           3           3
 geocal4
 active_atoms           1           2           3           4           5
 coordx:   0.0000000000000000      coordy:   1.1928235531436475      coordz:   0.0000000000000000     
 coordx:   1.1721715608803103      coordy:  0.35395586740081758      coordz:   0.0000000000000000     
 coordx:  0.74317572159101686      coordy: -0.95065464386512544      coordz:   0.0000000000000000     
 coordx: -0.74317572159101686      coordy: -0.95065464386512544      coordz:   0.0000000000000000     
 coordx:  -1.1721715608803103      coordy:  0.35395586740081758      coordz:   0.0000000000000000     
 coordx:   0.0000000000000000      coordy:   2.2738801481575068      coordz:   0.0000000000000000     
 coordx:   2.1932951783463022      coordy:  0.70169073713214947      coordz:   0.0000000000000000     
 coordx:   1.3607814902231334      coordy:  -1.8369113118550633      coordz:   0.0000000000000000     
 coordx:  -1.3607814902231334      coordy:  -1.8369113118550633      coordz:   0.0000000000000000     
 coordx:  -2.1932951783463022      coordy:  0.70169073713214947      coordz:   0.0000000000000000     
 dist_act_rel_mat   0.0000000000000000        1.0000000000000000        1.4731545552193248        1.4731545552193248        1.0000000000000000        0.0000000000000000        0.0000000000000000        0.0000000000000000        0.0000000000000000        0.0000000000000000     
 dist_act_rel_mat   1.0000000000000000        0.0000000000000000        1.0000000000000000        1.5048361999904076        1.5223007661245365        0.0000000000000000        0.0000000000000000        0.0000000000000000        0.0000000000000000        0.0000000000000000     
 dist_act_rel_mat   1.4731545552193248        1.0000000000000000        0.0000000000000000        1.0000000000000000        1.5048361999904076        0.0000000000000000        0.0000000000000000        0.0000000000000000        0.0000000000000000        0.0000000000000000     
 dist_act_rel_mat   1.4731545552193248        1.5048361999904076        1.0000000000000000        0.0000000000000000        1.0000000000000000        0.0000000000000000        0.0000000000000000        0.0000000000000000        0.0000000000000000        0.0000000000000000     
 dist_act_rel_mat   1.0000000000000000        1.5223007661245365        1.5048361999904076        1.0000000000000000        0.0000000000000000        0.0000000000000000        0.0000000000000000        0.0000000000000000        0.0000000000000000        0.0000000000000000     
 dist_act_rel_mat   0.0000000000000000        0.0000000000000000        0.0000000000000000        0.0000000000000000        0.0000000000000000        0.0000000000000000        0.0000000000000000        0.0000000000000000        0.0000000000000000        0.0000000000000000     
 dist_act_rel_mat   0.0000000000000000        0.0000000000000000        0.0000000000000000        0.0000000000000000        0.0000000000000000        0.0000000000000000        0.0000000000000000        0.0000000000000000        0.0000000000000000        0.0000000000000000     
 dist_act_rel_mat   0.0000000000000000        0.0000000000000000        0.0000000000000000        0.0000000000000000        0.0000000000000000        0.0000000000000000        0.0000000000000000        0.0000000000000000        0.0000000000000000        0.0000000000000000     
 dist_act_rel_mat   0.0000000000000000        0.0000000000000000        0.0000000000000000        0.0000000000000000        0.0000000000000000        0.0000000000000000        0.0000000000000000        0.0000000000000000        0.0000000000000000        0.0000000000000000     
 dist_act_rel_mat   0.0000000000000000        0.0000000000000000        0.0000000000000000        0.0000000000000000        0.0000000000000000        0.0000000000000000        0.0000000000000000        0.0000000000000000        0.0000000000000000        0.0000000000000000     
 dist_rel_mat   0.0000000000000000        1.0000000000000000        1.4731545552193248        1.4731545552193248        1.0000000000000000        1.0000000000000000        1.9715886163528371        2.9134192306807107        2.9134192306807107        1.9715886163528371     
 dist_rel_mat   1.0000000000000000        0.0000000000000000        1.0000000000000000        1.5048361999904076        1.5223007661245365        1.9732154490051963        1.0000000000000000        1.9289218031905062        2.9377126764281716        2.9678805602346832     
 dist_rel_mat   1.4731545552193248        1.0000000000000000        0.0000000000000000        1.0000000000000000        1.5048361999904076        2.9026917614675094        1.9284468404041948        1.0000000000000000        2.0026311873241855        2.9556466464206013     
 dist_rel_mat   1.4731545552193248        1.5048361999904076        1.0000000000000000        0.0000000000000000        1.0000000000000000        2.9026917614675094        2.9556466464206013        2.0026311873241855        1.0000000000000000        1.9284468404041948     
 dist_rel_mat   1.0000000000000000        1.5223007661245365        1.5048361999904076        1.0000000000000000        0.0000000000000000        1.9732154490051963        2.9678805602346832        2.9377126764281716        1.9289218031905062        1.0000000000000000     
 dist_rel_mat   1.0000000000000000        1.9732154490051963        2.9026917614675094        2.9026917614675094        1.9732154490051963        0.0000000000000000        3.6467269954066834        5.8515748363408218        5.8515748363408218        3.6467269954066834     
 dist_rel_mat   1.9715886163528371        1.0000000000000000        1.9284468404041948        2.9556466464206013        2.9678805602346832        3.6467269954066834        0.0000000000000000        3.6103038212365717        5.9021669699074781        5.9278247299465709     
 dist_rel_mat   2.9134192306807107        1.9289218031905062        1.0000000000000000        2.0026311873241855        2.9377126764281716        5.8515748363408218        3.6103038212365717        0.0000000000000000        3.6777877640164185        5.9021669699074781     
 dist_rel_mat   2.9134192306807107        2.9377126764281716        2.0026311873241855        1.0000000000000000        1.9289218031905062        5.8515748363408218        5.9021669699074781        3.6777877640164185        0.0000000000000000        3.6103038212365717     
 dist_rel_mat   1.9715886163528371        2.9678805602346832        2.9556466464206013        1.9284468404041948        1.0000000000000000        3.6467269954066834        5.9278247299465709        5.9021669699074781        3.6103038212365717        0.0000000000000000     
 dist_mat   0.0000000000000000        1.4414177612059991        2.2686579588413736        2.2686579588413736        1.4414177612059991        1.0810565950138593        2.2476109944384328        3.3212978812992140        3.3212978812992140        2.2476109944384328     
 dist_mat   1.4414177612059991        0.0000000000000000        1.3733339055863691        2.3174476905802823        2.3443431217606205        2.2494655836388504        1.0787089421034293        2.1989708280437292        3.3489924091037988        3.3833837962116671     
 dist_mat   2.2686579588413736        1.3733339055863691        0.0000000000000000        1.4863514431820337        2.3174476905802823        3.3090685665496218        2.1984293704741287        1.0802257944542402        2.2829995249017028        3.3694371346386212     
 dist_mat   2.2686579588413736        2.3174476905802823        1.4863514431820337        0.0000000000000000        1.3733339055863691        3.3090685665496218        3.3694371346386212        2.2829995249017028        1.0802257944542402        2.1984293704741287     
 dist_mat   1.4414177612059991        2.3443431217606205        2.3174476905802823        1.3733339055863691        0.0000000000000000        2.2494655836388504        3.3833837962116671        3.3489924091037988        2.1989708280437292        1.0787089421034293     
 dist_mat   1.0810565950138593        2.2494655836388504        3.3090685665496218        3.3090685665496218        2.2494655836388504        0.0000000000000000        2.6985780113788445        4.3301654346971743        4.3301654346971743        2.6985780113788445     
 dist_mat   2.2476109944384328        1.0787089421034293        2.1984293704741287        3.3694371346386212        3.3833837962116671        2.6985780113788445        0.0000000000000000        2.6716248621456034        4.3676036140189840        4.3865903566926043     
 dist_mat   3.3212978812992140        2.1989708280437292        1.0802257944542402        2.2829995249017028        3.3489924091037988        4.3301654346971743        2.6716248621456034        0.0000000000000000        2.7215629804462669        4.3676036140189840     
 dist_mat   3.3212978812992140        3.3489924091037988        2.2829995249017028        1.0802257944542402        2.1989708280437292        4.3301654346971743        4.3676036140189840        2.7215629804462669        0.0000000000000000        2.6716248621456034     
 dist_mat   2.2476109944384328        3.3833837962116671        3.3694371346386212        2.1984293704741287        1.0787089421034293        2.6985780113788445        4.3865903566926043        4.3676036140189840        2.6716248621456034        0.0000000000000000     
 sourav1
 sourav2
 active_atoms           1           2           3           4           5
 nnmat_act           1           1           2
 nnmat_act           2           1           5
 nnmat_act           3           2           1
 nnmat_act           4           2           3
 nnmat_act           5           3           2
 nnmat_act           6           3           4
 nnmat_act           7           4           3
 nnmat_act           8           4           5
 nnmat_act           9           5           1
 nnmat_act          10           5           4
 sourav3
 sourav4
 nnact_1           1
 nnact_1           2
 nnact_1           4
 nnact_1           6
 nnact_1           8
 nnnatom           5
 sourav5
 sourav6
 sourav7
 sourav8
 sourav9
 atm_nb_orbs           5           1           2           3           4           5
 atm_nb_sym           5           1           1           1           1           1
 sourav10.5          10           5
 sourav11
 dist_nnat           1   2.8828355224119981     
 dist_nnat           2   2.8147516667923682     
 dist_nnat           3   2.8596853487684029     
 dist_nnat           4   2.8596853487684029     
 dist_nnat           5   2.8147516667923682     
 dist_nnat   2.8828355224119981        2.8147516667923682        2.8596853487684029        2.8596853487684029        2.8147516667923682                5
 sourav12
 exit geocal
 i am here           1
 nao, nae, mult, nlp, noeo, navo           5           5           2           0           5           5
 term1, term2, term3           1           1           1
 nnb           3
 enter cov_str          15           5
 bonds           2
 strc_bonded_orbs           1           2
 strc_bonded_orbs           1           3
 strc_bonded_orbs           1           4
 strc_bonded_orbs           1           5
 strc_bonded_orbs           2           3
 strc_bonded_orbs           2           4
 strc_bonded_orbs           2           5
 strc_bonded_orbs           3           4
 strc_bonded_orbs           3           5
 strc_bonded_orbs           4           5
 totset          10
 alstr          15
 shape          15           5
 bonded_parts           1           2           3           4
 bonded_parts           1           2           3           5
 bonded_parts           1           2           4           5
 bonded_parts           1           3           2           4
 bonded_parts           1           3           2           5
 bonded_parts           1           3           4           5
 bonded_parts           1           4           2           3
 bonded_parts           1           4           2           5
 bonded_parts           1           4           3           5
 bonded_parts           1           5           2           3
 bonded_parts           1           5           2           4
 bonded_parts           1           5           3           4
 bonded_parts           2           3           4           5
 bonded_parts           2           4           3           5
 bonded_parts           2           5           3           4
 alstr           1
 alstr           2
 alstr           3
 alstr           4
 alstr           5
 alstr           6
 alstr           7
 alstr           8
 alstr           9
 alstr          10
 alstr          11
 alstr          12
 alstr          13
 alstr          14
 alstr          15
 strc**           1           1           2           3           4           0
 strc**           2           1           2           3           5           0
 strc**           3           1           2           4           5           0
 strc**           4           1           3           2           4           0
 strc**           5           1           3           2           5           0
 strc**           6           1           3           4           5           0
 strc**           7           1           4           2           3           0
 strc**           8           1           4           2           5           0
 strc**           9           1           4           3           5           0
 strc**          10           1           5           2           3           0
 strc**          11           1           5           2           4           0
 strc**          12           1           5           3           4           0
 strc**          13           2           3           4           5           0
 strc**          14           2           4           3           5           0
 strc**          15           2           5           3           4           0
 sets           1           1           2           3           4           5
 sets           2           1           2           3           5           4
 sets           3           1           2           4           5           3
 sets           4           1           3           2           4           5
 sets           5           1           3           2           5           4
 sets           6           1           3           4           5           2
 sets           7           1           4           2           3           5
 sets           8           1           4           2           5           3
 sets           9           1           4           3           5           2
 sets          10           1           5           2           3           4
 sets          11           1           5           2           4           3
 sets          12           1           5           3           4           2
 sets          13           2           3           4           5           1
 sets          14           2           4           3           5           1
 sets          15           2           5           3           4           1
 elporb           5           0           5           5
 cccc           1
 wig           1           1           5
 sourav1
 sourav2
 sourav3          15
 fullcovstr           1          16          17          18          19          20
 fullcovstr           2          16          17          18          20          19
 fullcovstr           3          16          17          19          20          18
 fullcovstr           4          16          18          17          19          20
 fullcovstr           5          16          18          17          20          19
 fullcovstr           6          16          18          19          20          17
 fullcovstr           7          16          19          17          18          20
 fullcovstr           8          16          19          17          20          18
 fullcovstr           9          16          19          18          20          17
 fullcovstr          10          16          20          17          18          19
 fullcovstr          11          16          20          17          19          18
 fullcovstr          12          16          20          18          19          17
 fullcovstr          13          17          18          19          20          16
 fullcovstr          14          17          19          18          20          16
 fullcovstr          15          17          20          18          19          16
 sourav4
 sourav5
 sourav6
 perm_nstr, m4           5          15
 loop1           1
 flg1           0
 chem-Inst symm
 itb,syb,nnb,radical,mnbond           2           4           3           1           1
 flg1`, nsym, prad, imbd, nlast, ncqs           0           1           0       -9999           1          15
          16          17          18          19          20
          16          17          18          20          19
          16          17          19          20          18
          16          18          17          19          20
          16          18          17          20          19
          16          18          19          20          17
          16          19          17          18          20
          16          19          17          20          18
          16          19          18          20          17
          16          20          17          18          19
          16          20          17          19          18
          16          20          18          19          17
          17          18          19          20          16
          17          19          18          20          16
          17          20          18          19          16
 i am here
 enter intra_bond_factor
 intra_bond_factor           1
 intra_bond_factor           1
 intra_bond_factor           1
 intra_bond_factor           1
 intra_bond_factor           1
 intra_bond_factor           1
 intra_bond_factor           1
 intra_bond_factor           1
 intra_bond_factor           1
 intra_bond_factor           1
 intra_bond_factor           1
 intra_bond_factor           1
 intra_bond_factor           1
 intra_bond_factor           1
 intra_bond_factor           1
 enter nnat_bond_cal_2
 dist_act_rel_mat   1.0000000000000000     
 dist_act_rel_mat   1.0000000000000000     
   2.0000000000000000     
 dist_act_rel_mat   1.0000000000000000     
 dist_act_rel_mat   1.5048361999904076     
   2.5048361999904074     
 dist_act_rel_mat   1.0000000000000000     
 dist_act_rel_mat   1.0000000000000000     
   2.0000000000000000     
 dist_act_rel_mat   1.4731545552193248     
 dist_act_rel_mat   1.5048361999904076     
   2.9779907552097322     
 dist_act_rel_mat   1.4731545552193248     
 dist_act_rel_mat   1.5223007661245365     
   2.9954553213438615     
 dist_act_rel_mat   1.4731545552193248     
 dist_act_rel_mat   1.0000000000000000     
   2.4731545552193248     
 dist_act_rel_mat   1.4731545552193248     
 dist_act_rel_mat   1.0000000000000000     
   2.4731545552193248     
 dist_act_rel_mat   1.4731545552193248     
 dist_act_rel_mat   1.5223007661245365     
   2.9954553213438615     
 dist_act_rel_mat   1.4731545552193248     
 dist_act_rel_mat   1.5048361999904076     
   2.9779907552097322     
 dist_act_rel_mat   1.0000000000000000     
 dist_act_rel_mat   1.0000000000000000     
   2.0000000000000000     
 dist_act_rel_mat   1.0000000000000000     
 dist_act_rel_mat   1.5048361999904076     
   2.5048361999904074     
 dist_act_rel_mat   1.0000000000000000     
 dist_act_rel_mat   1.0000000000000000     
   2.0000000000000000     
 dist_act_rel_mat   1.0000000000000000     
 dist_act_rel_mat   1.0000000000000000     
   2.0000000000000000     
 dist_act_rel_mat   1.5048361999904076     
 dist_act_rel_mat   1.5048361999904076     
   3.0096723999808153     
 dist_act_rel_mat   1.5223007661245365     
 dist_act_rel_mat   1.0000000000000000     
   2.5223007661245367     
1 16 17 18 19 20 1
2 16 17 18 20 19 3
3 16 17 19 20 18 1
4 16 18 17 19 20 5
5 16 18 17 20 19 6
6 16 18 19 20 17 2
7 16 19 17 18 20 2
8 16 19 17 20 18 6
9 16 19 18 20 17 5
10 16 20 17 18 19 1
11 16 20 17 19 18 3
12 16 20 18 19 17 1
13 17 18 19 20 16 1
14 17 19 18 20 16 7
15 17 20 18 19 16 4
 exit nnat_bond_cal_2
  1 16 17 18 19 20  1
  2 16 17 18 20 19  3
  3 16 17 19 20 18  1
  4 16 18 17 19 20  5
  5 16 18 17 20 19  6
  6 16 18 19 20 17  2
  7 16 19 17 18 20  2
  8 16 19 17 20 18  6
  9 16 19 18 20 17  5
 10 16 20 17 18 19  1
 11 16 20 17 19 18  3
 12 16 20 18 19 17  1
 13 17 18 19 20 16  1
 14 17 19 18 20 16  7
 15 17 20 18 19 16  4
 --- symmetry_cal_pi ---
 str1          16          17          18          19          20
 str1          16          17          18          20          19
 str1          16          17          19          20          18
 str1          16          18          17          19          20
 str1          16          18          17          20          19
 str1          16          18          19          20          17
 str1          16          19          17          18          20
 str1          16          19          17          20          18
 str1          16          19          18          20          17
 str1          16          20          17          18          19
 str1          16          20          17          19          18
 str1          16          20          18          19          17
 str1          17          18          19          20          16
 str1          17          19          18          20          16
 str1          17          20          18          19          16
 nnat_bond           1           2
 nnat_bond           1           5
 nnat_bond           2           3
 nnat_bond           3           4
 nnat_bond           4           5
 atoset          16           0           0           0           0
